1 3.74 
10 3.38 
100 3.44 
1000 5.57 
1001 5.09 
1002 8.27 
1003 8.9 
1004 2.06 
1005 2.18 
1006 8.66 
1007 7.88 
1008 2.36 
1009 4.96 
101 2.48 
1010 1.25 
1011 5.42 
1012 1.46 
1013 9.05 
1014 4.91 
1015 4.19 
1016 6.89 
1017 1.43 
1018 5.93 
1019 5.12 
102 0.5 
1020 5 
1021 2.81 
1022 2.72 
1023 0.95 
1024 2.09 
1025 6.53 
1026 3.5 
1027 5.09 
1028 2.84 
1029 5.48 
103 10.1 
1030 5.51 
1031 15.62 
1032 9.71 
1033 5.72 
1034 1.61 
1035 5.9 
1036 3.86 
1037 3.2 
1038 0.98 
1039 6.17 
104 6.62 
1040 20.57 
1041 5.9 
1042 5.33 
1043 3.05 
1044 4.55 
1045 2.42 
1046 5.36 
1047 1.34 
1048 3.65 
1049 3.29 
105 14.69 
1050 4.46 
1051 2.69 
1052 0.74 
1053 7.97 
1054 2.24 
1055 0.83 
1056 5.27 
1057 2.27 
1058 9.71 
1059 4.61 
106 3.38 
1060 10.73 
1061 3.29 
1062 3.59 
1063 4.82 
1064 2.69 
1065 4.22 
1066 2.21 
1067 1.88 
1068 17.9 
1069 13.76 
107 7.97 
1070 1.79 
1071 0.77 
1072 3.23 
1073 16.298 
1074 7.28 
1075 13.69 
1076 2.75 
1077 9.35 
1078 2.51 
1079 2.48 
108 10.37 
1080 1.22 
1081 21.74 
1082 1.04 
1083 7.55 
1084 0.95 
1085 16.73 
1086 1.28 
1087 2.84 
1088 5.9 
1089 5.78 
109 1.73 
1090 2.39 
1091 6.23 
1092 3.95 
1093 10.04 
1094 2.3 
1095 8.6 
1096 15.89 
1097 12.17 
1098 6.74 
1099 7.79 
11 4.39 
110 2.42 
1100 9.92 
1101 3.65 
1102 4.61 
1103 7.58 
1104 3.29 
1105 0.56 
1106 8 
1107 4.64 
1108 1.13 
1109 18.95 
111 8.06 
1110 2.93 
1111 2.93 
1112 6.88 
1113 5.44 
1114 9.86 
1115 1.4 
1116 21.61 
1117 4.19 
1118 4.25 
1119 13.43 
112 0.74 
1120 4.85 
1121 9.98 
1122 2.21 
1123 10.97 
1124 9.59 
1125 5.57 
1126 7.43 
1127 5.78 
1128 4.28 
1129 4.37 
113 11.18 
1130 0.77 
1131 4.73 
1132 4.37 
1133 4.88 
1134 7.94 
1135 8.84 
1136 13.01 
1137 5.39 
1138 4.31 
1139 4.01 
114 8.72 
1140 1.64 
1141 0.89 
1142 4.04 
1143 1.49 
1144 3.11 
1145 10.91 
1146 2.54 
1147 4.49 
1148 0.65 
1149 1.43 
115 1.7 
1150 1.25 
1151 9.68 
1152 4.1 
1153 0.71 
1154 3.65 
1155 4.31 
1156 2.3 
1157 3.71 
1158 4.85 
1159 5.84 
116 1.37 
1160 10.91 
1161 3.77 
1162 2.51 
1163 4.49 
1164 2.51 
1165 10.67 
1166 1.82 
1167 8.21 
1168 2.24 
1169 1.67 
117 1.49 
1170 0.92 
1171 2.15 
1172 3.68 
1173 2.69 
1174 16.91 
1175 4.07 
1176 5.9 
1177 2.27 
1178 3.5 
1179 2.06 
118 3.74 
1180 0.74 
1181 12.71 
1182 3.62 
1183 3.14 
1184 20 
1185 4.97 
1186 0.65 
1187 4.55 
1188 2.84 
1189 7.46 
119 0.92 
1190 1.88 
1191 1.58 
1192 3.05 
1193 2.72 
1194 4.61 
1195 3.11 
1196 1.07 
1197 2.21 
1198 4.49 
1199 2.09 
12 5.57 
120 3.65 
1200 2.27 
1201 3.71 
1202 6.14 
1203 1.4 
1204 2.51 
1205 3.5 
1206 0.83 
1207 2.09 
1208 3.5 
1209 2.78 
121 5.84 
1210 8.66 
1211 13.07 
1212 1.01 
1213 1.94 
1214 4.79 
1215 6.83 
1216 1.64 
1217 2.87 
1218 11.33 
1219 3.62 
122 2.96 
1220 5.63 
1221 3.38 
1222 9.98 
1223 6.92 
1224 3.5 
1225 7.61 
1226 4.07 
1227 6.77 
1228 4.13 
1229 0.77 
123 4.85 
1230 1.13 
1231 5.3 
1232 2.27 
1233 5.27 
1234 2.84 
1235 6.53 
1236 3.53 
1237 6.74 
1238 1.97 
1239 4.01 
124 5.39 
1240 5.21 
1241 0.98 
1242 10.19 
1243 14.63 
1244 1.88 
1245 3.86 
1246 8.3 
1247 7.64 
1248 6.2 
1249 2.72 
125 4.07 
1250 5 
1251 13.57944 
1252 11.45 
1253 2.06 
1254 3.29 
1255 2.06 
1256 16.49 
1257 2.24 
1258 2.48 
1259 2.39 
126 2.33 
1260 7.43 
1261 4.22 
1262 19.4 
1263 7.94 
1264 2.51 
1265 2.69 
1266 1.94 
1267 2.09 
1268 7.94 
1269 3.89 
127 4.49 
1270 12.98 
1271 3.74 
1272 6.44 
1273 3.2 
1274 4.04 
1275 8.24 
1276 1.28 
1277 4.67 
1278 6.05 
1279 3.44 
128 2.66 
1280 8.99 
1281 12.68 
1282 5.99 
1283 18.05 
1284 1.58 
1285 3.83 
1286 8.66 
1287 5.3 
1288 14.15 
1289 10.7 
129 0.92 
1290 1.34 
1291 3.11 
1292 7.7 
1293 2.78 
1294 3.68 
1295 10.36 
1296 3.62 
1297 8.42 
1298 6.86 
1299 1.34 
13 27.05 
130 1.94 
1300 1.58 
1301 5.63 
1302 1.01 
1303 3.98 
1304 0.47 
1305 4.82 
1306 2.09 
1307 9.8 
1308 12.2 
1309 3.23 
131 2.78 
1310 9.35 
1311 10.46 
1312 4.25 
1313 5.45 
1314 0.74 
1315 2.99 
1316 3.74 
1317 5.09 
1318 3.17 
1319 4.46 
132 6.14 
1320 2.42 
1321 6.32 
1322 2.75 
1323 8.93 
1324 12.41 
1325 5.21 
1326 10.76 
1327 3.77 
1328 8.6 
1329 2.75 
133 1.94 
1330 3.02 
1331 1.07 
1332 2.18 
1333 2.12 
1334 3.17 
1335 1.1 
1336 6.62 
1337 1.73 
1338 9.44 
1339 2.78 
134 1.52 
1340 7.43 
1341 4.94 
1342 3.11 
1343 9.08 
1344 1.64 
1345 6.14 
1346 5.72 
1347 6.05 
1348 2.06 
1349 3.65 
135 6.02 
1350 2.21 
1351 5.48 
1352 6.53 
1353 1.58 
1354 1.34 
1355 0.98 
1356 4.22 
1357 6.17 
1358 0.53 
1359 13.1 
136 1.22 
1360 6.53 
1361 4.43 
1362 4.7 
1363 1.67 
1364 1.01 
1365 5 
1366 2.27 
1367 0.92 
1368 3.35 
1369 2.78 
137 3.02 
1370 4.4 
1371 1.28 
1372 0.68 
1373 1.82 
1374 5.87 
1375 1.39 
1376 5 
1377 0.68 
1378 5.78 
1379 1.67 
138 3.26 
1380 1.91 
1381 2.12 
1382 8.51 
1383 5.99 
1384 3.23 
1385 4.07 
1386 2.03 
1387 0.95 
1388 4.31 
1389 15.32 
139 0.5 
1390 4.16 
1391 11.99 
1392 9.46 
1393 1.79 
1394 5.03 
1395 6.41 
1396 9.14 
1397 6.14 
1398 14.99 
1399 6.44 
14 9.5 
140 6.26 
1400 2.03 
1401 0.74 
1402 3.74 
1403 6.11 
1404 5.18 
1405 7.07 
1406 2.78 
1407 1.79 
1408 2.45 
1409 8.18 
141 3.2 
1410 3.32 
1411 12.89 
1412 5.96 
1413 2.45 
1414 0.5 
1415 7.13 
1416 11.87 
1417 8.51 
1418 6.17 
1419 1.04 
142 11.33 
1420 2.06 
1421 3.65 
1422 9.56 
1423 0.83 
1424 2.87 
1425 3.17 
1426 6.59 
1427 9.65 
1428 13.88 
1429 15.53 
143 3.23 
1430 2.39 
1431 2.6 
1432 3.8 
1433 2.06 
1434 2.33 
1435 2.48 
1436 3.23 
1437 4.07 
1438 3.95 
1439 1.43 
144 0.92 
1440 2.57 
1441 2.18 
1442 11.9 
1443 7.46 
1444 4.79 
1445 1.61 
1446 6.71 
1447 3.02 
1448 3.65 
1449 2.57 
145 30.14 
1450 7.1 
1451 4.52 
1452 4.58 
1453 5.27 
1454 4.01 
1455 3.86 
1456 9.47 
1457 7.58 
1458 9.5 
1459 7.88 
146 2.24 
1460 1.31 
1461 2.54 
1462 1.04 
1463 1.82 
1464 9.11 
1465 1.13 
1466 15.53 
1467 15.95 
1468 5.36 
1469 2.33 
147 0.61 
1470 2.36 
1471 5.21 
1472 9.74 
1473 2.09 
1474 6.5 
1475 6.47 
1476 2.99 
1477 6.38 
1478 2.24 
1479 9.74 
148 7.67 
1480 5.72 
1481 7.01 
1482 3.5 
1483 1.01 
1484 5.87 
1485 5.03 
1486 3.89 
1487 2.99 
1488 8.15 
1489 12.38 
149 5.3 
1490 2.18 
1491 3.29 
1492 6.41 
1493 1.97 
1494 4.76 
1495 3.92 
1496 5.12 
1497 0.86 
1498 4.07 
1499 5.15 
15 0.67 
150 1.25 
1500 2.3 
1501 2.15 
1502 5.3 
1503 1.16 
1504 7.37 
1505 8.09 
1506 0.8 
1507 4.34 
1508 9.29 
1509 1.79 
151 2.66 
1510 2.66 
1511 1.64 
1512 0.77 
1513 21.44 
1514 1.04 
1515 1.85 
1516 7.55 
1517 7.82 
1518 3.53 
1519 11.27 
152 9.8 
1520 1.73 
1521 3.83 
1522 9.11 
1523 2.45 
1524 2.9 
1525 6.97 
1526 4.01 
1527 3.83 
1528 4.01 
1529 1.04 
153 2.57 
1530 1.97 
1531 21.53 
1532 0.41 
1533 2.45 
1534 13.67 
1535 1.7 
1536 4.52 
1537 8.36 
1538 2.03 
1539 5.51 
154 2.21 
1540 14.27 
1541 8.93 
1542 0.59 
1543 0.83 
1544 2.21 
1545 3.08 
1546 0.86 
1547 1.85 
1548 4.04 
1549 7.16 
155 1.4 
1550 4.37 
1551 3.11 
1552 5.12 
1553 0.47 
1554 4.34 
1555 3.44 
1556 6.14 
1557 2.12 
1558 4.37 
1559 0.44 
156 3.47 
1560 6.41 
1561 2.3 
1562 3.83 
1563 4.04 
1564 7.85 
1565 2.81 
1566 3.53 
1567 8.57 
1568 2.69 
1569 2.54 
157 5.45 
1570 4.31 
1571 8.54 
1572 0.83 
1573 5.27 
1574 2.87 
1575 3.92 
1576 5.99 
1577 11.9 
1578 6.05 
1579 1.34 
158 11.36 
1580 1.61 
1581 0.65 
1582 3.95 
1583 2.45 
1584 5.27 
1585 1.97 
1586 3.71 
1587 8.93 
1588 9.92 
1589 1.87 
159 6.395375 
1590 1.79 
1591 2.51 
1592 4.43 
1593 7.88 
1594 4.67 
1595 1.67 
1596 2.69 
1597 3.41 
1598 7.46 
1599 2.09 
16 22.43 
160 4.91 
1600 0.62 
1601 6.8 
1602 2.48 
1603 2.18 
1604 1.7 
1605 8.18 
1606 4.25 
1607 4.88 
1608 1.7 
1609 4.01 
161 5.84 
1610 5.84 
1611 7.91 
1612 4.87 
1613 4.4 
1614 3.83 
1615 1.19 
1616 1.88 
1617 1.55 
1618 2.12 
1619 14.48 
162 3.11 
1620 3.56 
1621 4.28 
1622 1.91 
1623 4.88 
1624 9.89 
1625 0.47 
1626 12.41 
1627 6.77 
1628 2.93 
1629 5.75 
163 3.38 
1630 10.16 
1631 5.21 
1632 3.17 
1633 0.5 
1634 9.5 
1635 1.7 
1636 8.54 
1637 2.27 
1638 9.5 
1639 6.5 
164 3.38 
1640 8.51 
1641 8.09 
1642 0.86 
1643 1.64 
1644 1.19 
1645 2.78 
1646 3.53 
1647 4.46 
1648 3.35 
1649 2.84 
165 4.7 
1650 3.65 
1651 3.35 
1652 7.91 
1653 1.58 
1654 1.34 
1655 1.7 
1656 5.3 
1657 2.33 
1658 3.47 
1659 8.81 
166 2.33 
1660 6.98 
1661 19.94 
1662 10.4 
1663 2.75 
1664 13.28 
1665 2.84 
1666 6.02 
1667 4.49 
1668 2.78 
1669 1.76 
167 5.96 
1670 2.27 
1671 4.91 
1672 4.07 
1673 2.42 
1674 4.22 
1675 4.94 
1676 6.74 
1677 6.02 
1678 1.22 
1679 9.02 
168 2.24 
1680 3.68 
1681 4.4 
1682 1.22 
1683 7.04 
1684 7.19 
1685 6.59 
1686 8.3 
1687 4.64 
1688 1.34 
1689 4.4 
169 13.13 
1690 1.61 
1691 2.33 
1692 0.92 
1693 13.7 
1694 21.53 
1695 1.52 
1696 3.8 
1697 4.82 
1698 7.55 
1699 3.38 
17 1.67 
170 3.2 
1700 3.2 
1701 17.92 
1702 10.67 
1703 3.5 
1704 1.94 
1705 11.99 
1706 2.36 
1707 7.7 
1708 1.49 
1709 1.76 
171 1.22 
1710 3.17 
1711 1.07 
1712 1.19 
1713 10.97 
1714 1.28 
1715 0.89 
1716 6.62 
1717 3.11 
1718 6.11 
1719 5.12 
172 2.36 
1720 8.51 
1721 12.32 
1722 19.58 
1723 4.79 
1724 3.47 
1725 2.39 
1726 1.94 
1727 8.3 
1728 0.83 
1729 2.36 
173 3.95 
1730 0.89 
1731 6.77 
1732 5.62 
1733 1.31 
1734 1.52 
1735 0.38 
1736 5.42 
1737 5.41 
1738 10.58 
1739 5.27 
174 4.07 
1740 2.3 
1741 19.28 
1742 1.31 
1743 3.59 
1744 2.66 
1745 1.19 
1746 14.96 
1747 7.28 
1748 5.66 
1749 2 
175 6.26 
1750 2.51 
1751 3.65 
1752 4.94 
1753 1.13 
1754 9.14 
1755 1.28 
1756 5.33 
1757 3.08 
1758 1.01 
1759 3.68 
176 4.1 
1760 1.76 
1761 3.98 
1762 6.98 
1763 2.24 
1764 9.26 
1765 10.61 
1766 2.93 
1767 7.91 
1768 3.95 
1769 3.58 
177 5.78 
1770 2.36 
1771 3.68 
1772 5.96 
1773 1.01 
1774 9.08 
1775 2.84 
1776 4.82 
1777 2.15 
1778 1.46 
1779 4.55 
178 7.55 
1780 4.01 
1781 5.66 
1782 5.87 
1783 10.16 
1784 8.48 
1785 2.06 
1786 4.7 
1787 3.68 
1788 6.89 
1789 7.19 
179 0.98 
1790 1.97 
1791 5.12 
1792 2.72 
1793 1.52 
1794 1.79 
1795 4.67 
1796 10.01 
1797 3.65 
1798 1.67 
1799 11.63 
18 11.72 
180 5.39 
1800 2.33 
1801 14.78 
1802 12.26 
1803 1.07 
1804 8.6 
1805 2.42 
1806 2.78 
1807 1.34 
1808 5.42 
1809 2.21 
181 4.85 
1810 29 
1811 11.32 
1812 2.69 
1813 2.06 
1814 9.2 
1815 2.27 
1816 5.87 
1817 3.23 
1818 1.85 
1819 2.57 
182 1.19 
1820 1.79 
1821 2.78 
1822 5.48 
1823 1.64 
1824 4.16 
1825 1.55 
1826 4.01 
1827 2.27 
1828 4.13 
1829 1.25 
183 2.48 
1830 2.54 
1831 7.52 
1832 0.47 
1833 2.15 
1834 5.33 
1835 3.47 
1836 12.08 
1837 1.88 
1838 8.24 
1839 5.27 
184 2.06 
1840 8.45 
1841 1.52 
1842 1.49 
1843 8.06 
1844 11.36 
1845 8.87 
1846 2.39 
1847 9.65 
1848 1.79 
1849 10.28 
185 4.4 
1850 2.18 
1851 1.13 
1852 4.79 
1853 16.76 
1854 3.2 
1855 1.85 
1856 4.04 
1857 3.14 
1858 3.44 
1859 0.74 
186 7.4 
1860 3.29 
1861 5.33 
1862 15.29 
1863 4.34 
1864 1.85 
1865 10.04 
1866 1.94 
1867 4.25 
1868 3.71 
1869 1.34 
187 1.79 
1870 15.8 
1871 14 
1872 1.1 
1873 2.18 
1874 1.64 
1875 0.41 
1876 3.08 
1877 6.23 
1878 3.11 
1879 1.73 
188 7.97 
1880 9.29 
1881 2.39 
1882 1.58 
1883 6.5 
1884 1.19 
1885 8.06 
1886 8.99 
1887 11.36 
1888 2.93 
1889 8.75 
189 3.2 
1890 0.89 
1891 0.74 
1892 1.61 
1893 2.6 
1894 11.33 
1895 3.92 
1896 2.06 
1897 9.86 
1898 14.54 
1899 8.99 
19 2.24 
190 1.19 
1900 7.91 
1901 1.61 
1902 1.61 
1903 4.43 
1904 1.67 
1905 2.75 
1906 4.73 
1907 2.42 
1908 1.46 
1909 4.94 
191 6.44 
1910 8.69 
1911 3.35 
1912 6.71 
1913 4.64 
1914 6.14 
1915 4.04 
1916 0.97 
1917 3.59 
1918 5.51 
1919 13.34 
192 5.63 
1920 0.83 
1921 2.42 
1922 3.02 
1923 1.73 
1924 0.68 
1925 8.69 
1926 4.4 
1927 8.54 
1928 3.17 
1929 4.49 
193 5.03 
1930 1.04 
1931 5.68 
1932 1.76 
1933 1.13 
1934 3.44 
1935 2.69 
1936 5.33 
1937 5.3 
1938 1.43 
1939 5.87 
194 3.71 
1940 0.98 
1941 6.08 
1942 9.92 
1943 2.27 
1944 20.84 
1945 25.13 
1946 0.35 
1947 2.63 
1948 5.69 
1949 6.5 
195 1.31 
1950 4.49 
1951 1.61 
1952 16.93 
1953 3.56 
1954 1.82 
1955 3.89 
1956 9.89 
1957 2.69 
1958 2.45 
1959 7.1 
196 1.64 
1960 6.05 
1961 3.47 
1962 2 
1963 5.54 
1964 8.78 
1965 2.33 
1966 1.52 
1967 5.12 
1968 22.67 
1969 3.74 
197 4.4 
1970 5.24 
1971 2.45 
1972 7.88 
1973 3.98 
1974 3.53 
1975 9.35 
1976 7.01 
1977 3.59 
1978 9.68 
1979 10.01 
198 3.85 
1980 1.94 
1981 1.43 
1982 9.05 
1983 10.49 
1984 6.86 
1985 5.42 
1986 6.59 
1987 8.15 
1988 1.61 
1989 2.9 
199 7.07 
1990 18.26 
1991 7.91 
1992 5.03 
1993 5.75 
1994 2.63 
1995 3.23 
1996 4.94 
1997 1.31 
1998 9.89 
1999 1.34 
2 1.37 
20 6.8 
200 11.45 
2000 1.82 
2001 3.74 
2002 2.33 
2003 18.59 
2004 5.18 
2005 6.47 
2006 0.8 
2007 8.72 
2008 2.18 
2009 0.92 
201 7.34 
2010 3.26 
2011 2.63 
2012 4.94 
2013 3.08 
2014 3.65 
2015 13.7 
2016 12.71 
2017 1.13 
2018 10.1 
2019 1.13 
202 1.36 
2020 3.95 
2021 9.08 
2022 11.99 
2023 3.59 
2024 0.53 
2025 5.21 
2026 2.42 
2027 15.35 
2028 4.88 
2029 1.43 
203 5.42 
2030 1.73 
2031 9.59 
2032 1.64 
2033 5.12 
2034 0.71 
2035 3.29 
2036 2.12 
2037 2.3 
2038 3.26 
2039 6.8 
204 1.52 
2040 3.23 
2041 0.92 
2042 3.8 
2043 4.94 
2044 2.27 
2045 3.86 
2046 1.52 
2047 8.96 
2048 3.56 
2049 14.03 
205 2.48 
2050 4.22 
2051 5.72 
2052 0.98 
2053 3.74 
2054 3.62 
2055 15.86 
2056 2.36 
2057 6.53 
2058 9.59 
2059 2.15 
206 6.35 
2060 7.28 
2061 2.72 
2062 1.97 
2063 2.57 
2064 0.5 
2065 1.91 
2066 6.71 
2067 0.74 
2068 5.06 
2069 7.97 
207 6.86 
2070 0.83 
2071 13.49 
2072 3.59 
2073 6.95 
2074 4.61 
2075 4.91 
2076 19.1 
2077 1.16 
2078 7.43 
2079 5.24 
208 3.74 
2080 0.83 
2081 0.71 
2082 2.87 
2083 3.53 
2084 0.62 
2085 0.92 
2086 7.91 
2087 9.98 
2088 6.59 
2089 2.48 
209 6.77 
2090 2.54 
2091 2.27 
2092 5.99 
2093 7.97 
2094 2.93 
2095 2.87 
2096 1.91 
2097 3.98 
2098 5.45 
2099 0.44 
21 5.27 
210 6.59 
2100 0.86 
2101 3.41 
2102 2.03 
2103 4.79 
2104 9.5 
2105 8.6 
2106 7.4 
2107 4.4 
2108 0.89 
2109 6.29 
211 6.68 
2110 3.41 
2111 0.5 
2112 6.89 
2113 0.53 
2114 4.22 
2115 1.97 
2116 4.52 
2117 3.56 
2118 6.02 
2119 4.07 
212 1.67 
2120 1.07 
2121 3.68 
2122 1.64 
2123 2 
2124 0.86 
2125 1.73 
2126 9.86 
2127 11.18 
2128 7.31 
2129 0.44 
213 1.76 
2130 8.87 
2131 3.26 
2132 5.42 
2133 5.51 
2134 7.13 
2135 12.77 
2136 5.75 
2137 2.66 
2138 10.1 
2139 2.69 
214 2.39 
2140 9.89 
2141 4.52 
2142 3.68 
2143 1.7 
2144 5.99 
2145 11.12 
2146 3.26 
2147 1.34 
2148 4.07 
2149 1.73 
215 3.5 
2150 2.81 
2151 4.01 
2152 6.02 
2153 1.85 
2154 15.68 
2155 4.64 
2156 3.26 
2157 5.9 
2158 7.6 
2159 1.91 
216 5.15 
2160 17 
2161 1.64 
2162 3.98 
2163 6.53 
2164 12.89 
2165 2.51 
2166 22.28 
2167 0.86 
2168 4.28 
2169 8.39 
217 7.94 
2170 3.56 
2171 8.36 
2172 3.98 
2173 5.87 
2174 5.21 
2175 2.72 
2176 3.77 
2177 10.01 
2178 1.67 
2179 5.65 
218 3.5 
2180 9.26 
2181 0.86 
2182 2.81 
2183 1.04 
2184 6.32 
2185 10.22 
2186 5.75 
2187 2.84 
2188 0.38 
2189 6.95 
219 1.61 
2190 0.35 
2191 8.63 
2192 8.66 
2193 3.71 
2194 1.94 
2195 1.76 
2196 6.56 
2197 0.41 
2198 1.22 
2199 6.02 
22 1.28 
220 7.34 
2200 11.18 
2201 1.28 
2202 15.08 
2203 5.93 
2204 0.65 
2205 3.56 
2206 13.31 
2207 2.99 
2208 0.68 
2209 1.43 
221 3.2 
2210 2.36 
2211 4.49 
2212 2.48 
2213 5.12 
2214 3.98 
2215 3.8 
2216 3.32 
2217 5.51 
2218 2.06 
2219 1.43 
222 9.83 
2220 2.99 
2221 7.52 
2222 1.04 
2223 3.86 
2224 1.34 
2225 1.52 
2226 1.1 
2227 1.28 
2228 2.03 
2229 2.48 
223 8.15 
2230 1.67 
2231 7.4 
2232 3.95 
2233 3.8 
2234 4.34 
2235 2.18 
2236 2 
2237 1.13 
2238 4.31 
2239 1.67 
224 1.61 
2240 4.76 
2241 12.77 
2242 2.42 
2243 8.75 
2244 8.69 
2245 7.61 
2246 6.71 
2247 2.36 
2248 6.23 
2249 3.68 
225 3.71 
2250 2.9 
2251 4.88 
2252 2.66 
2253 1.76 
2254 4.73 
2255 2.84 
2256 5.66 
2257 8.36 
2258 3.83 
2259 0.92 
226 4.58 
2260 5.36 
2261 0.89 
2262 7.97 
2263 2.93 
2264 4.46 
2265 5.18 
2266 1.19 
2267 1.82 
2268 0.8 
2269 5.27 
227 2.6 
2270 1.13 
2271 15.53 
2272 1.58 
2273 0.38 
2274 5.18 
2275 1.91 
2276 5.03 
2277 0.83 
2278 15.95 
2279 2.6 
228 2.21 
2280 11.06 
2281 3.8 
2282 1.76 
2283 8.84 
2284 0.5 
2285 6.47 
2286 1.22 
2287 0.98 
2288 1.52 
2289 7.01 
229 0.77 
2290 7.19 
2291 2.39 
2292 5 
2293 2.06 
2294 6.77 
2295 12.14 
2296 2.24 
2297 4.37 
2298 4.22 
2299 4.94 
23 1.13 
230 15.08 
2300 5.3 
2301 5.17 
2302 5.48 
2303 6.35 
2304 1.1 
2305 8.27 
2306 8.93 
2307 1.88 
2308 8.75 
2309 2.99 
231 4.31 
2310 4.61 
2311 1.85 
2312 2.63 
2313 6.59 
2314 4.58 
2315 3.73 
2316 5.09 
2317 1.7 
2318 0.44 
2319 2.66 
232 2.24 
2320 5 
2321 0.86 
2322 2.96 
2323 8.99 
2324 9.17 
2325 0.41 
2326 3.2 
2327 1.94 
2328 5.99 
2329 5.75 
233 6.2 
2330 9.35 
2331 2.09 
2332 2.57 
2333 3.86 
2334 5.12 
2335 7.58 
2336 2.12 
2337 8.6 
2338 3.59 
2339 1.66 
234 8.42 
2340 5.51 
2341 5.51 
2342 2 
2343 1.88 
2344 1.88 
2345 0.32 
2346 3.47 
2347 3.35 
2348 6.05 
2349 7.46 
235 6.11 
2350 1.82 
2351 6.05 
2352 4.88 
2353 5 
2354 2.9 
2355 6.92 
2356 0.47 
2357 40.97 
2358 3.44 
2359 2 
236 11.99 
2360 0.41 
2361 4.13 
2362 0.95 
2363 1.49 
2364 1.19 
2365 3.02 
2366 9.97 
2367 2.57 
2368 10.91 
2369 0.95 
237 5.27 
2370 6.47 
2371 8.21 
2372 6.02 
2373 1.4 
2374 4.52 
2375 3.05 
2376 8.23 
2377 0.32 
2378 2.9 
2379 3.44 
238 2.93 
2380 1.97 
2381 2.54 
2382 1.01 
2383 0.44 
2384 2.27 
2385 1.82 
2386 2.51 
2387 12.53 
2388 2.99 
2389 1.88 
239 9.02 
2390 2.21 
2391 3.38 
2392 8.36 
2393 9.44 
2394 3.29 
2395 7.04 
2396 1.55 
2397 1.82 
2398 10.85 
2399 12.53 
24 4.22 
240 3.56 
2400 6.68 
2401 7.25 
2402 3.05 
2403 14.63 
2404 2.51 
2405 2.48 
2406 6.05 
2407 12.74 
2408 8.48 
2409 3.05 
241 3.5 
2410 0.98 
2411 1.43 
2412 3.62 
2413 2.9 
2414 6.59 
2415 8.36 
2416 11.33 
2417 3.59 
2418 0.53 
2419 3.11 
242 2.42 
2420 7.19 
2421 1.31 
2422 11.84 
2423 6.11 
2424 2.03 
2425 7.31 
2426 5.18 
2427 3.11 
2428 3.77 
2429 5.57 
243 1.97 
2430 0.62 
2431 1.52 
2432 2 
2433 4.49 
2434 2.27 
2435 8.72 
2436 3.2 
2437 4.4 
2438 8.81 
2439 3.2 
244 6.74 
2440 3.47 
2441 3.2 
2442 4.31 
2443 12.14 
2444 1.58 
2445 1.88 
2446 4.1 
2447 0.59 
2448 6.29 
2449 2.9 
245 3.56 
2450 1.97 
2451 4.76 
2452 3.68 
2453 2.18 
2454 0.92 
2455 3.41 
2456 1.73 
2457 15.26 
2458 0.68 
2459 1.76 
246 5.99 
2460 3.41 
2461 1.85 
2462 15.47 
2463 1.01 
2464 3.47 
2465 3.17 
2466 2.96 
2467 2.51 
2468 2.12 
2469 2.63 
247 1.43 
2470 3.98 
2471 5.87 
2472 8.66 
2473 3.8 
2474 2.75 
2475 1.37 
2476 9.74 
2477 7.97 
2478 5.36 
2479 3.86 
248 16.07 
2480 4.01 
2481 6.98 
2482 9.98 
2483 0.58 
2484 3.38 
2485 2.84 
2486 1.79 
2487 1.67 
2488 4.19 
2489 13.76 
249 2.84 
2490 5.3 
2491 7.73 
2492 3.29 
2493 6.38 
2494 5.15 
2495 2.9 
2496 2.42 
2497 6.8 
2498 4.13 
2499 5.66 
25 2.63 
250 4.7 
2500 3.38 
2501 5.03 
2502 0.95 
2503 1.13 
2504 0.41 
2505 6.83 
2506 9.2 
2507 2.69 
2508 12.05 
2509 3.8 
251 3.86 
2510 10.34 
2511 2.12 
2512 1.22 
2513 9.32 
2514 1.49 
2515 3.62 
2516 2.12 
2517 0.74 
2518 19.76 
2519 1.61 
252 16.73 
2520 1.25 
2521 9.83 
2522 2.75 
2523 2.51 
2524 1.46 
2525 2.9 
2526 5.39 
2527 0.8 
2528 3.86 
2529 6.38 
253 2.09 
2530 5.24 
2531 4.52 
2532 3.32 
2533 4.01 
2534 1.54 
2535 11.03 
2536 9.08 
2537 6.38 
2538 8.09 
2539 9.11 
254 2.69 
2540 2.66 
2541 5.6 
2542 7.61 
2543 3.26 
2544 2.21 
2545 2.45 
2546 1.76 
2547 1.82 
2548 7.58 
2549 4.16 
255 1.58 
2550 1.58 
2551 2.09 
2552 1.67 
2553 2.03 
2554 11.63 
2555 3.77 
2556 19.91 
2557 6.62 
2558 1.58 
2559 6.44 
256 2.66 
2560 6.59 
2561 4.85 
2562 8.51 
2563 4.49 
2564 3.98 
2565 0.95 
2566 9.23 
2567 1.18 
2568 1.91 
2569 1.88 
257 8.81 
2570 19.46 
2571 3.5 
2572 3.65 
2573 9.98 
2574 0.83 
2575 8.66 
2576 0.86 
2577 1.73 
2578 3.77 
2579 8.9 
258 4.13 
2580 2.21 
2581 4.01 
2582 1.61 
2583 5.21 
2584 3.04 
2585 3.68 
2586 2.24 
2587 3.41 
2588 2.09 
2589 0.5 
259 9.44 
2590 2.27 
2591 3.17 
2592 3.17 
2593 4.19 
2594 1.4 
2595 0.62 
2596 9.53 
2597 1.09 
2598 4.82 
2599 4.34 
26 5.36 
260 5.9 
2600 4.49 
2601 9.8 
2602 4.64 
2603 9.29 
2604 4.7 
2605 3.5 
2606 3.5 
2607 8.69 
2608 9.35 
2609 2.93 
261 2.09 
2610 1.1 
2611 6.68 
2612 2.54 
2613 17.09 
2614 4.04 
2615 5.57 
2616 2.57 
2617 4.49 
2618 1.7 
2619 2.27 
262 2.15 
2620 5.9 
2621 9.98 
2622 7.07 
2623 3.23 
2624 8.6 
2625 7.79 
2626 4.43 
2627 7.85 
2628 0.74 
2629 0.74 
263 5.27 
2630 3.05 
2631 2.6 
2632 7.85 
2633 3.71 
2634 4.61 
2635 1.16 
2636 5.45 
2637 4.16 
2638 7.01 
2639 12.95 
264 5.15 
2640 13.31 
2641 2.54 
2642 2.75 
2643 10.67 
2644 1.22 
2645 5.9 
2646 3.41 
2647 3.86 
2648 4.34 
2649 3.2 
265 3.11 
2650 0.86 
2651 1.97 
2652 4.85 
2653 1.7 
2654 2.54 
2655 3.71 
2656 8.63 
2657 1.73 
2658 3.2 
2659 1.55 
266 1.64 
2660 0.89 
2661 30.14 
2662 9.02 
2663 0.44 
2664 5.18 
2665 3.62 
2666 4.04 
2667 6.08 
2668 6.89 
2669 6.59 
267 1.37 
2670 2.78 
2671 6.8 
2672 1.1 
2673 10.64 
2674 7.73 
2675 1.79 
2676 4.1 
2677 1.61 
2678 2.18 
2679 1.88 
268 20.78 
2680 8.27 
2681 4.61 
2682 2.87 
2683 15.89 
2684 5.78 
2685 7.49 
2686 8.21 
2687 3.35 
2688 5.09 
2689 4.28 
269 4.7 
2690 18.95 
2691 5.06 
2692 9.59 
2693 3.26 
2694 8.39 
2695 1.79 
2696 0.92 
2697 1.94 
2698 3.65 
2699 4.31 
27 7.61 
270 8.39 
2700 7.1 
2701 6.35 
2702 4.73 
2703 1.19 
2704 2.24 
2705 0.77 
2706 23.6 
2707 1.79 
2708 6.23 
2709 9.95 
271 7.97 
2710 3.89 
2711 2.03 
2712 4.73 
2713 2.27 
2714 11.3 
2715 11.39 
2716 0.68 
2717 8.57 
2718 5.48 
2719 7.67 
272 9.95 
2720 9.83 
2721 6.56 
2722 1.82 
2723 3.74 
2724 5.93 
2725 9.5 
2726 5.8 
2727 3.62 
2728 2.42 
2729 0.77 
273 2.06 
2730 8.27 
2731 1.7 
2732 4.79 
2733 0.89 
2734 2.75 
2735 3.26 
2736 1.31 
2737 2.81 
2738 6.02 
2739 5.69 
274 2.69 
2740 1.25 
2741 1.88 
2742 9.98 
2743 2.24 
2744 18.5 
2745 2.69 
2746 2.51 
2747 2.03 
2748 10.31 
2749 1.58 
275 2.36 
2750 5.33 
2751 5.69 
2752 6.35 
2753 6.29 
2754 0.95 
2755 0.71 
2756 9.77 
2757 2.3 
2758 1.07 
2759 5.87 
276 3.74 
2760 2.81 
2761 3.05 
2762 1.13 
2763 1.85 
2764 1.85 
2765 2.3 
2766 5.6 
2767 3.23 
2768 2.72 
2769 3.14 
277 2.24 
2770 2.54 
2771 2.57 
2772 2.24 
2773 2.75 
2774 2.39 
2775 3.05 
2776 7.64 
2777 1.22 
2778 11.77 
2779 2.15 
278 9.8 
2780 4.46 
2781 3.53 
2782 3.68 
2783 2.09 
2784 2.06 
2785 3.89 
2786 0.5 
2787 1.4 
2788 25.13 
2789 6.38 
279 9.32 
2790 12.98 
2791 3.02 
2792 15.29 
2793 6.38 
2794 8.18 
2795 5.23 
2796 2.99 
2797 2.66 
2798 4.16 
2799 9.98 
28 3.38 
280 6.08 
2800 2.06 
2801 3.26 
2802 8.39 
2803 5.3 
2804 12.33744 
2805 2.9 
2806 0.95 
2807 1.97 
2808 18.08 
2809 5.45 
281 1.55 
2810 17.5 
2811 4.01 
2812 3.17 
2813 14.69 
2814 6.05 
2815 1.52 
2816 4.64 
2817 3.65 
2818 4.1 
2819 3.65 
282 1.94 
2820 5.24 
2821 5.42 
2822 4.88 
2823 1.42 
2824 3.95 
2825 2.33 
2826 2.09 
2827 10.97 
2828 8.66 
2829 24.29 
283 6.89 
2830 3.98 
2831 3.47 
2832 1.76 
2833 5.18 
2834 12.23 
2835 3.32 
2836 5.81 
2837 5.3 
2838 1.94 
2839 3.35 
284 5.09 
2840 3.05 
2841 2.75 
2842 6.38 
2843 6.11 
2844 7.46 
2845 2.36 
2846 6.53 
2847 9.95 
2848 6.89 
2849 3.98 
285 0.95 
2850 6.59 
2851 1.58 
2852 5.03 
2853 3.92 
2854 10.58 
2855 15.38 
2856 10.01 
2857 3.65 
2858 4.46 
2859 10.91 
286 13.01 
2860 5.12 
2861 1.88 
2862 2.33 
2863 4.43 
2864 21.92 
2865 9.62 
2866 3.98 
2867 2.27 
2868 11.72 
2869 2.54 
287 0.74 
2870 9.26 
2871 1.28 
2872 0.98 
2873 2.57 
2874 5.72 
2875 0.56 
2876 8.15 
2877 2.54 
2878 0.8 
2879 2.42 
288 6.32 
2880 2.78 
2881 4.37 
2882 1.1 
2883 1.67 
2884 2.24 
2885 0.5 
2886 3.47 
2887 4.73 
2888 3.04 
2889 4.67 
289 0.71 
2890 2.96 
2891 3.8 
2892 4.43 
2893 1.85 
2894 12.74 
2895 6.02 
2896 1.82 
2897 2.9 
2898 6.92 
2899 4.4 
29 8.6 
290 7.49 
2900 4.73 
2901 4.22 
2902 6.31 
2903 0.59 
2904 2.63 
2905 4.46 
2906 1.46 
2907 2.66 
2908 8.15 
2909 4.85 
291 9.47 
2910 5.99 
2911 4.7 
2912 8.78 
2913 2.63 
2914 2.12 
2915 2.66 
2916 0.53 
2917 5.84 
2918 1.97 
2919 4.85 
292 8.18 
2920 0.92 
2921 5.27 
2922 4.01 
2923 3.14 
2924 0.92 
2925 0.95 
2926 1.13 
2927 9.89 
2928 8.39 
2929 4.52 
293 2.03 
2930 3.44 
2931 1.97 
2932 3.92 
2933 4.7 
2934 16.34 
2935 7.79 
2936 3.44 
2937 1.91 
2938 18.53 
2939 2.48 
294 2.36 
2940 2.42 
2941 1.13 
2942 17.42 
2943 3.11 
2944 4.88 
2945 2.18 
2946 1.88 
2947 4.19 
2948 5.24 
2949 4.04 
295 0.71 
2950 1.82 
2951 0.92 
2952 1.76 
2953 3.38 
2954 4.43 
2955 10.25 
2956 2.84 
2957 4.97 
2958 2.9 
2959 3.95 
296 9.74 
2960 1.19 
2961 3.08 
2962 3.17 
2963 7.31 
2964 8.27 
2965 1.1 
2966 1.52 
2967 1.31 
2968 7.46 
2969 7.4 
297 0.92 
2970 16.66 
2971 1.28 
2972 6.86 
2973 0.65 
2974 1.88 
2975 4.7 
2976 9.5 
2977 6.02 
2978 1.49 
2979 3.08 
298 3.77 
2980 0.56 
2981 7.58 
2982 1.37 
2983 0.77 
2984 8 
2985 1.78 
2986 2.87 
2987 6.38 
2988 4.04 
2989 0.86 
299 0.68 
2990 0.92 
2991 0.44 
2992 6.8 
2993 3.59 
2994 3.77 
2995 5.36 
2996 4.76 
2997 6.71 
2998 2.63 
2999 3.38 
3 1.04 
30 8.93 
300 8.66 
3000 1.58 
3001 7.94 
3002 0.95 
3003 0.95 
3004 1.13 
3005 3.65 
3006 4.7 
3007 5.51 
3008 5.96 
3009 8.66 
301 13.04 
3010 6.86 
3011 1.79 
3012 2.81 
3013 7.97 
3014 6.86 
3015 2.27 
3016 3.8 
3017 2.33 
3018 4.4 
3019 2.27 
302 1.07 
3020 1.76 
3021 3.35 
3022 2.66 
3023 5.21 
3024 7.94 
3025 0.38 
3026 2.09 
3027 2.48 
3028 4.85 
3029 2.81 
303 9.08 
3030 15.89 
3031 2.33 
3032 3.68 
3033 2.48 
3034 5.72 
3035 7.04 
3036 4.79 
3037 2.21 
3038 12.35 
3039 5.33 
304 14.03 
3040 4.97 
3041 1.07 
3042 0.53 
3043 9.11 
3044 1.76 
3045 2.72 
3046 7.85 
3047 3.23 
3048 8.84 
3049 12.2 
305 1.85 
3050 9.86 
3051 2.99 
3052 3.8 
3053 1.97 
3054 2.45 
3055 8.96 
3056 3.8 
3057 14.12 
3058 4.07 
3059 12.95 
306 5.3 
3060 12.65 
3061 1.13 
3062 2.24 
3063 5.03 
3064 8.63 
3065 3.11 
3066 3.65 
3067 7.67 
3068 8.69 
3069 2.57 
307 4.04 
3070 4.46 
3071 2.57 
3072 3.86 
3073 5.09 
3074 3.08 
3075 3.77 
3076 4.16 
3077 11.51 
3078 2.9 
3079 5.57 
308 8.84 
3080 5.06 
3081 2.66 
3082 1.43 
3083 5.42 
3084 4.1 
3085 1.79 
3086 14.45 
3087 5.9 
3088 3.53 
3089 7.94 
309 4.91 
3090 3.02 
3091 2.51 
3092 6.17 
3093 7.55 
3094 1.61 
3095 8.33 
3096 4.79 
3097 6.91 
3098 3.44 
3099 1.37 
31 3.44 
310 4.73 
3100 3.32 
3101 10.4 
3102 4.07 
3103 9.5 
3104 17.9 
3105 6.38 
3106 1.04 
3107 4.46 
3108 3.32 
3109 4.49 
311 6.8 
3110 7.01 
3111 1.7 
3112 0.53 
3113 2.06 
3114 2.6 
3115 1.55 
3116 8.51 
3117 1.67 
3118 3.26 
3119 1.43 
312 4.37 
313 0.53 
314 2.78 
315 0.68 
316 11.66 
317 2.57 
318 4.58 
319 6.77 
32 6.35 
320 8.6 
321 8.42 
322 1.52 
323 3.02 
324 14.45 
325 8.48 
326 3.95 
327 2.93 
328 5.63 
329 9.68 
33 2.48 
330 2.99 
331 3.71 
332 6.53 
333 5.9 
334 4.28 
335 8.29125 
336 7.67 
337 5.09 
338 6.89 
339 2.36 
34 8.66 
340 1.58 
341 3.47 
342 2.51 
343 2.87 
344 4.73 
345 3.74 
346 1.76 
347 3.53 
348 3.77 
349 7.64 
35 2.3 
350 6.86 
351 4.43 
352 2.75 
353 10.52 
354 17.81 
355 8.72 
356 2.03 
357 2.66 
358 8.36 
359 4.19 
36 2.54 
360 2.57 
361 4.31 
362 1.88 
363 2.21 
364 5.03 
365 1.76 
366 3.8 
367 1.1 
368 9.68 
369 1.49 
37 7.58 
370 3.8 
371 2.78 
372 6.59 
373 5.66 
374 1.88 
375 3.38 
376 16.01 
377 18.68 
378 12.29 
379 5.84 
38 4.67 
380 2.12 
381 2.09 
382 1.55 
383 3.26 
384 3.74 
385 0.92 
386 4.7 
387 1.49 
388 2.51 
389 0.53 
39 12.11 
390 7.64 
391 1.22 
392 8.21 
393 2.87 
394 2.81 
395 4.37 
396 3.83 
397 0.71 
398 3.59 
399 2.33 
4 2.48 
40 2.45 
400 2.03 
401 7.28 
402 6.86 
403 3.05 
404 5.39 
405 7.31 
406 1.88 
407 3.32 
408 3.14 
409 2.81 
41 3.26 
410 0.59 
411 4.97 
412 3.2 
413 2.84 
414 4.79 
415 7.07 
416 0.35 
417 4.85 
418 15.05 
419 9.74 
42 0.74 
420 12.53 
421 1.64 
422 0.29 
423 1.88 
424 7.04 
425 3.92 
426 1.34 
427 11.03 
428 9.02 
429 7.94 
43 1.46 
430 1.49 
431 3.23 
432 5.51 
433 1.1 
434 3.08 
435 2.12 
436 1.55 
437 5.72 
438 1.85 
439 18.02 
44 2.21 
440 4.19 
441 5.72 
442 2.72 
443 2.48 
444 13.25 
445 12.77 
446 2 
447 2.42 
448 1.91 
449 3.5 
45 5.84 
450 1.67 
451 2.54 
452 1.79 
453 3.11 
454 3.74 
455 16.33 
456 3.59 
457 1.94 
458 0.8 
459 2.6 
46 1.73 
460 2 
461 5.42 
462 2.18 
463 3.5 
464 4.28 
465 2.57 
466 4.88 
467 3.83 
468 5.51 
469 1.73 
47 0.77 
470 1.64 
471 4.4 
472 3.17 
473 2.06 
474 2.9 
475 0.44 
476 13.16 
477 5.45 
478 4.55 
479 2.38 
48 10.04 
480 6.89 
481 8.03 
482 15.56 
483 4.61 
484 7.7 
485 3.74 
486 7.94 
487 0.98 
488 5.39 
489 3.47 
49 0.62 
490 7.73 
491 1.22 
492 1.31 
493 2.33 
494 1.97 
495 4.52 
496 0.95 
497 6.71 
498 16.4 
499 7.97 
5 2.9 
50 5.48 
500 8.57 
501 3.35 
502 1.67 
503 3.35 
504 2.9 
505 0.92 
506 1.25 
507 0.8 
508 3.56 
509 1.67 
51 11.75 
510 6.65 
511 9.11 
512 6.59 
513 0.44 
514 4.85 
515 3.02 
516 1.16 
517 1.97 
518 5.63 
519 4.01 
52 5.6 
520 0.77 
521 1.28 
522 0.95 
523 5.42 
524 7.64 
525 2.06 
526 6.62 
527 0.74 
528 5.12 
529 4.64 
53 1.49 
530 10.28 
531 8.18 
532 0.47 
533 11.96 
534 2.66 
535 5.51 
536 9.8 
537 4.55 
538 2.54 
539 3.08 
54 15.98 
540 8.72 
541 2.3 
542 4.34 
543 4.76 
544 0.8 
545 2.81 
546 0.68 
547 6.89 
548 3.77 
549 2.63 
55 1.73 
550 2.45 
551 4.46 
552 3.83 
553 7.4 
554 14.3 
555 1.1 
556 69.8 
557 3.29 
558 1.04 
559 1.73 
56 9.05 
560 2.24 
561 15.29 
562 1.49 
563 7.25 
564 1.1 
565 8.57 
566 8.36 
567 1.55 
568 1.28 
569 5.21 
57 3.44 
570 8.48 
571 0.92 
572 8.06 
573 5.63 
574 0.5 
575 1.73 
576 4.04 
577 5.15 
578 2.33 
579 3.23 
58 2.39 
580 1.58 
581 1.28 
582 0.68 
583 3.95 
584 7.43 
585 1.76 
586 2.3 
587 1.55 
588 5.33 
589 9.32 
59 4.91 
590 4.4 
591 5.48 
592 1.34 
593 1.94 
594 9.98 
595 7.13 
596 2.21 
597 9.49 
598 3.56 
599 2.45 
6 2.87 
60 0.83 
600 0.83 
601 1.67 
602 14.99 
603 2.93 
604 11.09 
605 9.95 
606 1.7 
607 6.8 
608 6.29 
609 3.56 
61 2.69 
610 1.43 
611 5.6 
612 0.56 
613 1.73 
614 0.98 
615 4.13 
616 1.19 
617 2.42 
618 4.85 
619 7.76 
62 3.74 
620 1.64 
621 4.76 
622 6.32 
623 2.9 
624 1.1 
625 7.37 
626 1.07 
627 2.93 
628 0.98 
629 5.63 
63 9.59 
630 3.32 
631 5.42 
632 3.68 
633 2.09 
634 4.58 
635 0.59 
636 18.44 
637 3.53 
638 3.16 
639 2.12 
64 4.43 
640 4.37 
641 4.49 
642 0.5 
643 5.36 
644 6.92 
645 6.92 
646 10.61 
647 1.61 
648 5.78 
649 8.33 
65 4.22 
650 2.63 
651 4.37 
652 1.34 
653 1.37 
654 2.27 
655 3.14 
656 5.81 
657 4.04 
658 0.47 
659 3.35 
66 3.65 
660 1.94 
661 10.07 
662 3.89 
663 7.4 
664 2.93 
665 3.006 
666 4.19 
667 6.38 
668 3.38 
669 0.41 
67 1.4 
670 9.95 
671 3.02 
672 9.23 
673 1.91 
674 7.04 
675 4.97 
676 4.58 
677 1.25 
678 9.62 
679 1.88 
68 3.47 
680 1.4 
681 10.76 
682 10.67 
683 3.83 
684 4.46 
685 2.57 
686 1.76 
687 2.6 
688 4.25 
689 2.78 
69 4.19 
690 2.21 
691 4.85 
692 2.87 
693 3.11 
694 2.69 
695 1.19 
696 6.23 
697 2.72 
698 14.36 
699 1.52 
7 5.75 
70 8.21 
700 4.91 
701 2.6 
702 0.56 
703 56.86 
704 3.95 
705 0.2 
706 5.57 
707 7.37 
708 3.59 
709 3.56 
71 3.32 
710 11.93 
711 0.5 
712 4.46 
713 9.5 
714 6.11 
715 1.67 
716 2.66 
717 2.15 
718 1.04 
719 2.3 
72 2.57 
720 1.46 
721 9.86 
722 7.28 
723 1.67 
724 3.44 
725 1.85 
726 8.36 
727 1.4 
728 7.42 
729 1.64 
73 1.07 
730 0.44 
731 3.05 
732 0.38 
733 1.37 
734 3.62 
735 13.28 
736 0.68 
737 7.22 
738 2.45 
739 3.02 
74 2.6 
740 2.24 
741 1.1 
742 3.32 
743 0.77 
744 4.19 
745 12.5 
746 3.8 
747 4.76 
748 2.03 
749 6.55 
75 14 
750 1.97 
751 4.01 
752 2.75 
753 5.3 
754 2.6 
755 3.08 
756 17.39 
757 0.71 
758 4.36 
759 8.78 
76 0.71 
760 3.17 
761 2.09 
762 7.7 
763 2.93 
764 2.96 
765 8.6 
766 1.19 
767 9.44 
768 1.52 
769 4.76 
77 15.98 
770 4.28 
771 5.51 
772 8.33 
773 8.48 
774 5.84 
775 4.7 
776 14.9 
777 1.04 
778 1.76 
779 2.93 
78 1.37 
780 2.15 
781 3.29 
782 0.89 
783 7.1 
784 8 
785 7.94 
786 3.2 
787 6.38 
788 1.04 
789 0.68 
79 1.64 
790 2.9 
791 3.77 
792 9.95 
793 1.4 
794 2.87 
795 1.79 
796 8 
797 1.22 
798 0.77 
799 4.79 
8 7.88 
80 1.88 
800 2.2 
801 2.18 
802 1.73 
803 2.78 
804 0.92 
805 2.21 
806 4.22 
807 4.04 
808 0.47 
809 2.84 
81 2.21 
810 5.18 
811 5.93 
812 1.55 
813 9.02 
814 2.15 
815 7.37 
816 7.13 
817 14.06 
818 2.63 
819 1.22 
82 2.78 
820 4.01 
821 3.2 
822 5.69 
823 1.88 
824 9.59 
825 7.88 
826 7.9 
827 13.1 
828 7.43 
829 4.31 
83 1.37 
830 1.16 
831 4.22 
832 5.99 
833 0.62 
834 1.31 
835 2.15 
836 5.06 
837 5.66 
838 6.62 
839 2.72 
84 2.6 
840 3.14 
841 4.46 
842 3.02 
843 0.98 
844 4.85 
845 5.24 
846 9.25 
847 1.94 
848 9.53 
849 3.05 
85 6.86 
850 3.83 
851 3.14 
852 6.8 
853 8.66 
854 10.01 
855 10.67 
856 1.85 
857 9.2 
858 2.87 
859 0.59 
86 4.88 
860 17.3 
861 3.38 
862 3.35 
863 1.31 
864 2.9 
865 4.46 
866 2.72 
867 3.2 
868 1.99 
869 1.85 
87 5.75 
870 3.41 
871 8.03 
872 2.99 
873 1.85 
874 7.84 
875 1.49 
876 6.2 
877 1.46 
878 2.57 
879 1.82 
88 5.03 
880 6.26 
881 6.98 
882 3.95 
883 2.18 
884 5.99 
885 6.62 
886 0.65 
887 1.64 
888 2.99 
889 6.59 
89 2.39 
890 2.78 
891 0.47 
892 7.31 
893 1.34 
894 1.55 
895 7.52 
896 5.99 
897 1.1 
898 3.56 
899 3.38 
9 4.76 
90 1.79 
900 2.96 
901 1.4 
902 11.84 
903 0.92 
904 12.05 
905 2.84 
906 11.45 
907 2.39 
908 0.83 
909 6.53 
91 2.6 
910 13.04 
911 4.07 
912 5.48 
913 2.75 
914 22.22 
915 8.99 
916 6.14 
917 2.33 
918 4.25 
919 5.75 
92 3.95 
920 4.25 
921 2.33 
922 3.2 
923 2.69 
924 1.4 
925 1.52 
926 5.3 
927 11.42 
928 2.57 
929 7.28 
93 2.36 
930 1.22 
931 9.83 
932 1.76 
933 5.48 
934 7.73 
935 14.09 
936 6.5 
937 3.74 
938 3.98 
939 7.87 
94 2.66 
940 10.1 
941 2.72 
942 1.16 
943 6.74 
944 3.26 
945 7.7 
946 7.91 
947 3.26 
948 2.24 
949 1.22 
95 4.88 
950 2.51 
951 13.1 
952 1.16 
953 2.54 
954 11.12 
955 1.85 
956 2.03 
957 4.19 
958 4.79 
959 4.43 
96 5.57 
960 1.85 
961 6.8 
962 0.56 
963 1.67 
964 6.2 
965 1.46 
966 1.49 
967 10.64 
968 0.41 
969 8.63 
97 1.46 
970 0.83 
971 1.43 
972 1.37 
973 5.03 
974 1.04 
975 2.84 
976 2.03 
977 9.02 
978 2.72 
979 6.8 
98 8.63 
980 2.93 
981 3.44 
982 8.99 
983 7.28 
984 1.07 
985 1.04 
986 2.21 
987 1.76 
988 3.11 
989 3.05 
99 2.66 
990 13.79 
991 9.8 
992 17.9 
993 4.4 
994 1.16 
995 7.91 
996 9.56 
997 2.24 
998 9.65 
999 8.66 
