1 372 
10 336 
100 342 
1000 555 
1001 507 
1002 825 
1003 888 
1004 204 
1005 216 
1006 864 
1007 786 
1008 234 
1009 494 
101 246 
1010 123 
1011 540 
1012 144 
1013 903 
1014 489 
1015 417 
1016 687 
1017 141 
1018 591 
1019 510 
102 48 
1020 498 
1021 279 
1022 270 
1023 93 
1024 207 
1025 651 
1026 348 
1027 507 
1028 282 
1029 546 
103 1008 
1030 549 
1031 1560 
1032 969 
1033 570 
1034 159 
1035 588 
1036 384 
1037 318 
1038 96 
1039 615 
104 660 
1040 2055 
1041 588 
1042 531 
1043 303 
1044 453 
1045 240 
1046 534 
1047 132 
1048 363 
1049 327 
105 1467 
1050 444 
1051 267 
1052 72 
1053 795 
1054 222 
1055 81 
1056 525 
1057 225 
1058 969 
1059 459 
106 336 
1060 1071 
1061 327 
1062 357 
1063 480 
1064 267 
1065 420 
1066 219 
1067 186 
1068 1788 
1069 1374 
107 795 
1070 177 
1071 75 
1072 321 
1073 1628 
1074 726 
1075 1367 
1076 273 
1077 933 
1078 249 
1079 246 
108 1035 
1080 120 
1081 2172 
1082 102 
1083 753 
1084 93 
1085 1671 
1086 126 
1087 282 
1088 588 
1089 576 
109 171 
1090 237 
1091 621 
1092 393 
1093 1002 
1094 228 
1095 858 
1096 1587 
1097 1215 
1098 672 
1099 777 
11 437 
110 240 
1100 990 
1101 363 
1102 459 
1103 756 
1104 327 
1105 54 
1106 798 
1107 462 
1108 111 
1109 1893 
111 804 
1110 291 
1111 291 
1112 686 
1113 542 
1114 984 
1115 138 
1116 2159 
1117 417 
1118 423 
1119 1341 
112 72 
1120 483 
1121 996 
1122 219 
1123 1095 
1124 957 
1125 555 
1126 741 
1127 576 
1128 426 
1129 435 
113 1116 
1130 75 
1131 471 
1132 435 
1133 486 
1134 792 
1135 882 
1136 1299 
1137 537 
1138 429 
1139 399 
114 870 
1140 162 
1141 87 
1142 402 
1143 147 
1144 309 
1145 1089 
1146 252 
1147 447 
1148 63 
1149 141 
115 168 
1150 123 
1151 966 
1152 408 
1153 69 
1154 363 
1155 429 
1156 228 
1157 369 
1158 483 
1159 582 
116 135 
1160 1089 
1161 375 
1162 249 
1163 447 
1164 249 
1165 1065 
1166 180 
1167 819 
1168 222 
1169 165 
117 147 
1170 90 
1171 213 
1172 366 
1173 267 
1174 1689 
1175 405 
1176 588 
1177 225 
1178 348 
1179 204 
118 372 
1180 72 
1181 1269 
1182 360 
1183 312 
1184 1998 
1185 495 
1186 63 
1187 453 
1188 282 
1189 744 
119 90 
1190 186 
1191 156 
1192 303 
1193 270 
1194 459 
1195 309 
1196 105 
1197 219 
1198 447 
1199 207 
12 555 
120 363 
1200 225 
1201 369 
1202 612 
1203 138 
1204 249 
1205 348 
1206 81 
1207 207 
1208 348 
1209 276 
121 582 
1210 864 
1211 1305 
1212 99 
1213 192 
1214 477 
1215 681 
1216 162 
1217 285 
1218 1131 
1219 360 
122 294 
1220 561 
1221 336 
1222 996 
1223 690 
1224 348 
1225 759 
1226 405 
1227 675 
1228 411 
1229 75 
123 483 
1230 111 
1231 528 
1232 225 
1233 525 
1234 282 
1235 651 
1236 351 
1237 672 
1238 195 
1239 399 
124 537 
1240 519 
1241 96 
1242 1017 
1243 1461 
1244 186 
1245 384 
1246 828 
1247 762 
1248 618 
1249 270 
125 405 
1250 498 
1251 1356 
1252 1143 
1253 204 
1254 327 
1255 204 
1256 1647 
1257 222 
1258 246 
1259 237 
126 231 
1260 741 
1261 420 
1262 1938 
1263 792 
1264 249 
1265 267 
1266 192 
1267 207 
1268 792 
1269 387 
127 447 
1270 1296 
1271 372 
1272 642 
1273 318 
1274 402 
1275 822 
1276 126 
1277 465 
1278 603 
1279 342 
128 264 
1280 897 
1281 1266 
1282 597 
1283 1803 
1284 156 
1285 381 
1286 864 
1287 528 
1288 1413 
1289 1068 
129 90 
1290 132 
1291 309 
1292 768 
1293 276 
1294 366 
1295 1034 
1296 360 
1297 840 
1298 684 
1299 132 
13 2703 
130 192 
1300 156 
1301 561 
1302 99 
1303 396 
1304 45 
1305 480 
1306 207 
1307 978 
1308 1218 
1309 321 
131 276 
1310 933 
1311 1044 
1312 423 
1313 543 
1314 72 
1315 297 
1316 372 
1317 507 
1318 315 
1319 444 
132 612 
1320 240 
1321 630 
1322 273 
1323 891 
1324 1239 
1325 519 
1326 1074 
1327 375 
1328 858 
1329 273 
133 192 
1330 300 
1331 105 
1332 216 
1333 210 
1334 315 
1335 108 
1336 660 
1337 171 
1338 942 
1339 276 
134 150 
1340 741 
1341 492 
1342 309 
1343 906 
1344 162 
1345 612 
1346 570 
1347 603 
1348 204 
1349 363 
135 600 
1350 219 
1351 546 
1352 651 
1353 156 
1354 132 
1355 96 
1356 420 
1357 615 
1358 51 
1359 1308 
136 120 
1360 651 
1361 441 
1362 468 
1363 165 
1364 99 
1365 498 
1366 225 
1367 90 
1368 333 
1369 276 
137 300 
1370 438 
1371 126 
1372 66 
1373 180 
1374 585 
1375 137 
1376 498 
1377 66 
1378 576 
1379 165 
138 324 
1380 189 
1381 210 
1382 849 
1383 597 
1384 321 
1385 405 
1386 201 
1387 93 
1388 429 
1389 1530 
139 48 
1390 414 
1391 1197 
1392 944 
1393 177 
1394 501 
1395 639 
1396 912 
1397 612 
1398 1497 
1399 642 
14 948 
140 624 
1400 201 
1401 72 
1402 372 
1403 609 
1404 516 
1405 705 
1406 276 
1407 177 
1408 243 
1409 816 
141 318 
1410 330 
1411 1287 
1412 594 
1413 243 
1414 48 
1415 711 
1416 1185 
1417 849 
1418 615 
1419 102 
142 1131 
1420 204 
1421 363 
1422 954 
1423 81 
1424 285 
1425 315 
1426 657 
1427 963 
1428 1386 
1429 1551 
143 321 
1430 237 
1431 258 
1432 378 
1433 204 
1434 231 
1435 246 
1436 321 
1437 405 
1438 393 
1439 141 
144 90 
1440 255 
1441 216 
1442 1188 
1443 744 
1444 477 
1445 159 
1446 669 
1447 300 
1448 363 
1449 255 
145 3012 
1450 708 
1451 450 
1452 456 
1453 525 
1454 399 
1455 384 
1456 945 
1457 756 
1458 948 
1459 786 
146 222 
1460 129 
1461 252 
1462 102 
1463 180 
1464 909 
1465 111 
1466 1551 
1467 1593 
1468 534 
1469 231 
147 59 
1470 234 
1471 519 
1472 972 
1473 207 
1474 648 
1475 645 
1476 297 
1477 636 
1478 222 
1479 972 
148 765 
1480 570 
1481 699 
1482 348 
1483 99 
1484 585 
1485 501 
1486 387 
1487 297 
1488 813 
1489 1236 
149 528 
1490 216 
1491 327 
1492 639 
1493 195 
1494 474 
1495 390 
1496 510 
1497 84 
1498 405 
1499 513 
15 65 
150 123 
1500 228 
1501 213 
1502 528 
1503 114 
1504 735 
1505 807 
1506 78 
1507 432 
1508 927 
1509 177 
151 264 
1510 264 
1511 162 
1512 75 
1513 2142 
1514 102 
1515 183 
1516 753 
1517 780 
1518 351 
1519 1125 
152 978 
1520 171 
1521 381 
1522 909 
1523 243 
1524 288 
1525 695 
1526 399 
1527 381 
1528 399 
1529 102 
153 255 
1530 195 
1531 2151 
1532 39 
1533 243 
1534 1365 
1535 168 
1536 450 
1537 834 
1538 201 
1539 549 
154 219 
1540 1425 
1541 891 
1542 57 
1543 81 
1544 219 
1545 306 
1546 84 
1547 183 
1548 402 
1549 714 
155 138 
1550 435 
1551 309 
1552 510 
1553 45 
1554 432 
1555 342 
1556 612 
1557 210 
1558 435 
1559 42 
156 345 
1560 639 
1561 228 
1562 381 
1563 402 
1564 783 
1565 279 
1566 351 
1567 855 
1568 267 
1569 252 
157 543 
1570 429 
1571 852 
1572 81 
1573 525 
1574 285 
1575 390 
1576 597 
1577 1188 
1578 603 
1579 132 
158 1134 
1580 159 
1581 63 
1582 393 
1583 243 
1584 525 
1585 195 
1586 369 
1587 891 
1588 990 
1589 185 
159 638 
1590 177 
1591 249 
1592 441 
1593 786 
1594 465 
1595 165 
1596 267 
1597 339 
1598 744 
1599 207 
16 2241 
160 489 
1600 60 
1601 678 
1602 246 
1603 216 
1604 168 
1605 816 
1606 423 
1607 486 
1608 168 
1609 399 
161 582 
1610 582 
1611 789 
1612 485 
1613 438 
1614 381 
1615 117 
1616 186 
1617 153 
1618 210 
1619 1446 
162 309 
1620 354 
1621 426 
1622 189 
1623 486 
1624 987 
1625 45 
1626 1239 
1627 675 
1628 291 
1629 573 
163 336 
1630 1014 
1631 519 
1632 315 
1633 48 
1634 948 
1635 168 
1636 852 
1637 225 
1638 948 
1639 648 
164 336 
1640 849 
1641 807 
1642 84 
1643 162 
1644 117 
1645 276 
1646 351 
1647 444 
1648 333 
1649 282 
165 468 
1650 363 
1651 333 
1652 789 
1653 156 
1654 132 
1655 168 
1656 528 
1657 231 
1658 345 
1659 879 
166 231 
1660 696 
1661 1992 
1662 1038 
1663 273 
1664 1326 
1665 282 
1666 600 
1667 447 
1668 276 
1669 174 
167 594 
1670 225 
1671 489 
1672 405 
1673 240 
1674 420 
1675 492 
1676 672 
1677 600 
1678 120 
1679 900 
168 222 
1680 366 
1681 438 
1682 120 
1683 702 
1684 717 
1685 657 
1686 828 
1687 462 
1688 132 
1689 438 
169 1311 
1690 159 
1691 231 
1692 90 
1693 1368 
1694 2151 
1695 150 
1696 378 
1697 480 
1698 753 
1699 336 
17 165 
170 318 
1700 318 
1701 1790 
1702 1065 
1703 348 
1704 192 
1705 1197 
1706 234 
1707 768 
1708 147 
1709 174 
171 120 
1710 315 
1711 105 
1712 117 
1713 1095 
1714 126 
1715 87 
1716 660 
1717 309 
1718 609 
1719 510 
172 234 
1720 849 
1721 1230 
1722 1956 
1723 477 
1724 345 
1725 237 
1726 192 
1727 828 
1728 81 
1729 234 
173 393 
1730 87 
1731 675 
1732 560 
1733 129 
1734 150 
1735 36 
1736 540 
1737 539 
1738 1056 
1739 525 
174 405 
1740 228 
1741 1926 
1742 129 
1743 357 
1744 264 
1745 117 
1746 1494 
1747 726 
1748 564 
1749 198 
175 624 
1750 249 
1751 363 
1752 492 
1753 111 
1754 912 
1755 126 
1756 531 
1757 306 
1758 99 
1759 366 
176 408 
1760 174 
1761 396 
1762 696 
1763 222 
1764 924 
1765 1059 
1766 291 
1767 789 
1768 393 
1769 356 
177 576 
1770 234 
1771 366 
1772 594 
1773 99 
1774 906 
1775 282 
1776 480 
1777 213 
1778 144 
1779 453 
178 753 
1780 399 
1781 564 
1782 585 
1783 1014 
1784 846 
1785 204 
1786 468 
1787 366 
1788 687 
1789 717 
179 96 
1790 195 
1791 510 
1792 270 
1793 150 
1794 177 
1795 465 
1796 999 
1797 363 
1798 165 
1799 1161 
18 1170 
180 537 
1800 231 
1801 1476 
1802 1224 
1803 105 
1804 858 
1805 240 
1806 276 
1807 132 
1808 540 
1809 219 
181 483 
1810 2898 
1811 1130 
1812 267 
1813 204 
1814 918 
1815 225 
1816 585 
1817 321 
1818 183 
1819 255 
182 117 
1820 177 
1821 276 
1822 546 
1823 162 
1824 414 
1825 153 
1826 399 
1827 225 
1828 411 
1829 123 
183 246 
1830 252 
1831 750 
1832 45 
1833 213 
1834 531 
1835 345 
1836 1206 
1837 186 
1838 822 
1839 525 
184 204 
1840 843 
1841 150 
1842 147 
1843 804 
1844 1134 
1845 885 
1846 237 
1847 963 
1848 177 
1849 1026 
185 438 
1850 216 
1851 111 
1852 477 
1853 1674 
1854 318 
1855 183 
1856 402 
1857 312 
1858 342 
1859 72 
186 738 
1860 327 
1861 531 
1862 1527 
1863 432 
1864 183 
1865 1002 
1866 192 
1867 423 
1868 369 
1869 132 
187 177 
1870 1578 
1871 1398 
1872 108 
1873 216 
1874 162 
1875 39 
1876 306 
1877 621 
1878 309 
1879 171 
188 795 
1880 927 
1881 237 
1882 156 
1883 648 
1884 117 
1885 804 
1886 897 
1887 1134 
1888 291 
1889 873 
189 318 
1890 87 
1891 72 
1892 159 
1893 258 
1894 1131 
1895 390 
1896 204 
1897 984 
1898 1452 
1899 897 
19 222 
190 117 
1900 789 
1901 159 
1902 159 
1903 441 
1904 165 
1905 273 
1906 471 
1907 240 
1908 144 
1909 492 
191 642 
1910 867 
1911 333 
1912 669 
1913 462 
1914 612 
1915 402 
1916 95 
1917 357 
1918 549 
1919 1332 
192 561 
1920 81 
1921 240 
1922 300 
1923 171 
1924 66 
1925 867 
1926 438 
1927 852 
1928 315 
1929 447 
193 501 
1930 102 
1931 566 
1932 174 
1933 111 
1934 342 
1935 267 
1936 531 
1937 528 
1938 141 
1939 585 
194 369 
1940 96 
1941 606 
1942 990 
1943 225 
1944 2082 
1945 2511 
1946 33 
1947 261 
1948 567 
1949 648 
195 129 
1950 447 
1951 159 
1952 1691 
1953 354 
1954 180 
1955 387 
1956 987 
1957 267 
1958 243 
1959 708 
196 162 
1960 603 
1961 345 
1962 198 
1963 552 
1964 876 
1965 231 
1966 150 
1967 510 
1968 2265 
1969 372 
197 438 
1970 522 
1971 243 
1972 786 
1973 396 
1974 351 
1975 933 
1976 699 
1977 357 
1978 966 
1979 999 
198 383 
1980 192 
1981 141 
1982 903 
1983 1047 
1984 684 
1985 540 
1986 657 
1987 813 
1988 159 
1989 288 
199 705 
1990 1824 
1991 789 
1992 501 
1993 573 
1994 261 
1995 321 
1996 492 
1997 129 
1998 987 
1999 132 
2 135 
20 678 
200 1143 
2000 180 
2001 372 
2002 231 
2003 1857 
2004 516 
2005 645 
2006 78 
2007 870 
2008 216 
2009 90 
201 732 
2010 324 
2011 261 
2012 492 
2013 306 
2014 363 
2015 1368 
2016 1269 
2017 111 
2018 1008 
2019 111 
202 134 
2020 393 
2021 906 
2022 1197 
2023 357 
2024 51 
2025 519 
2026 240 
2027 1533 
2028 486 
2029 141 
203 540 
2030 171 
2031 957 
2032 162 
2033 510 
2034 69 
2035 327 
2036 210 
2037 228 
2038 324 
2039 678 
204 150 
2040 321 
2041 90 
2042 378 
2043 492 
2044 225 
2045 384 
2046 150 
2047 894 
2048 354 
2049 1401 
205 246 
2050 420 
2051 570 
2052 96 
2053 372 
2054 360 
2055 1584 
2056 234 
2057 651 
2058 957 
2059 213 
206 633 
2060 726 
2061 270 
2062 195 
2063 255 
2064 48 
2065 189 
2066 669 
2067 72 
2068 504 
2069 795 
207 684 
2070 81 
2071 1347 
2072 357 
2073 693 
2074 459 
2075 489 
2076 1908 
2077 114 
2078 741 
2079 522 
208 372 
2080 81 
2081 69 
2082 285 
2083 351 
2084 60 
2085 90 
2086 789 
2087 996 
2088 657 
2089 246 
209 675 
2090 252 
2091 225 
2092 597 
2093 795 
2094 291 
2095 285 
2096 189 
2097 396 
2098 543 
2099 42 
21 525 
210 657 
2100 84 
2101 339 
2102 201 
2103 477 
2104 948 
2105 858 
2106 738 
2107 438 
2108 87 
2109 627 
211 666 
2110 339 
2111 48 
2112 687 
2113 51 
2114 420 
2115 195 
2116 450 
2117 354 
2118 600 
2119 405 
212 165 
2120 105 
2121 366 
2122 162 
2123 198 
2124 84 
2125 171 
2126 984 
2127 1116 
2128 729 
2129 42 
213 174 
2130 885 
2131 324 
2132 540 
2133 549 
2134 711 
2135 1275 
2136 573 
2137 264 
2138 1008 
2139 267 
214 237 
2140 987 
2141 450 
2142 366 
2143 168 
2144 597 
2145 1110 
2146 324 
2147 132 
2148 405 
2149 171 
215 348 
2150 279 
2151 399 
2152 600 
2153 183 
2154 1566 
2155 462 
2156 324 
2157 588 
2158 758 
2159 189 
216 513 
2160 1698 
2161 162 
2162 396 
2163 651 
2164 1287 
2165 249 
2166 2226 
2167 84 
2168 426 
2169 837 
217 792 
2170 354 
2171 834 
2172 396 
2173 585 
2174 519 
2175 270 
2176 375 
2177 999 
2178 165 
2179 563 
218 348 
2180 924 
2181 84 
2182 279 
2183 102 
2184 630 
2185 1020 
2186 573 
2187 282 
2188 36 
2189 693 
219 159 
2190 33 
2191 861 
2192 864 
2193 369 
2194 192 
2195 174 
2196 654 
2197 39 
2198 120 
2199 600 
22 126 
220 732 
2200 1116 
2201 126 
2202 1506 
2203 591 
2204 63 
2205 354 
2206 1329 
2207 297 
2208 66 
2209 141 
221 318 
2210 234 
2211 447 
2212 246 
2213 510 
2214 396 
2215 378 
2216 330 
2217 549 
2218 204 
2219 141 
222 981 
2220 297 
2221 750 
2222 102 
2223 384 
2224 132 
2225 150 
2226 108 
2227 126 
2228 201 
2229 246 
223 813 
2230 165 
2231 738 
2232 393 
2233 378 
2234 432 
2235 216 
2236 198 
2237 111 
2238 429 
2239 165 
224 159 
2240 474 
2241 1275 
2242 240 
2243 873 
2244 867 
2245 759 
2246 669 
2247 234 
2248 621 
2249 366 
225 369 
2250 288 
2251 486 
2252 264 
2253 174 
2254 471 
2255 282 
2256 564 
2257 834 
2258 381 
2259 90 
226 456 
2260 534 
2261 87 
2262 795 
2263 291 
2264 444 
2265 516 
2266 117 
2267 180 
2268 78 
2269 525 
227 258 
2270 111 
2271 1551 
2272 156 
2273 36 
2274 516 
2275 189 
2276 501 
2277 81 
2278 1593 
2279 258 
228 219 
2280 1104 
2281 378 
2282 174 
2283 882 
2284 48 
2285 645 
2286 120 
2287 96 
2288 150 
2289 699 
229 75 
2290 717 
2291 237 
2292 498 
2293 204 
2294 675 
2295 1212 
2296 222 
2297 435 
2298 420 
2299 492 
23 111 
230 1506 
2300 528 
2301 515 
2302 546 
2303 633 
2304 108 
2305 825 
2306 891 
2307 186 
2308 873 
2309 297 
231 429 
2310 459 
2311 183 
2312 261 
2313 657 
2314 456 
2315 371 
2316 507 
2317 168 
2318 42 
2319 264 
232 222 
2320 498 
2321 84 
2322 294 
2323 897 
2324 915 
2325 39 
2326 318 
2327 192 
2328 597 
2329 573 
233 618 
2330 933 
2331 207 
2332 255 
2333 384 
2334 510 
2335 756 
2336 210 
2337 858 
2338 357 
2339 164 
234 840 
2340 549 
2341 549 
2342 198 
2343 186 
2344 186 
2345 30 
2346 345 
2347 333 
2348 603 
2349 744 
235 609 
2350 180 
2351 603 
2352 486 
2353 498 
2354 288 
2355 690 
2356 45 
2357 4095 
2358 342 
2359 198 
236 1197 
2360 39 
2361 411 
2362 93 
2363 147 
2364 117 
2365 300 
2366 995 
2367 255 
2368 1089 
2369 93 
237 525 
2370 645 
2371 819 
2372 600 
2373 138 
2374 450 
2375 303 
2376 821 
2377 30 
2378 288 
2379 342 
238 291 
2380 195 
2381 252 
2382 99 
2383 42 
2384 225 
2385 180 
2386 249 
2387 1251 
2388 297 
2389 186 
239 900 
2390 219 
2391 336 
2392 834 
2393 942 
2394 327 
2395 702 
2396 153 
2397 180 
2398 1083 
2399 1251 
24 420 
240 354 
2400 666 
2401 723 
2402 303 
2403 1461 
2404 249 
2405 246 
2406 603 
2407 1272 
2408 846 
2409 303 
241 348 
2410 96 
2411 141 
2412 360 
2413 288 
2414 657 
2415 834 
2416 1131 
2417 357 
2418 51 
2419 309 
242 240 
2420 717 
2421 129 
2422 1182 
2423 609 
2424 201 
2425 729 
2426 516 
2427 309 
2428 375 
2429 555 
243 195 
2430 60 
2431 150 
2432 198 
2433 447 
2434 225 
2435 870 
2436 318 
2437 438 
2438 879 
2439 318 
244 672 
2440 345 
2441 318 
2442 429 
2443 1212 
2444 156 
2445 186 
2446 408 
2447 57 
2448 627 
2449 288 
245 354 
2450 195 
2451 474 
2452 366 
2453 216 
2454 90 
2455 339 
2456 171 
2457 1524 
2458 66 
2459 174 
246 597 
2460 339 
2461 183 
2462 1545 
2463 99 
2464 345 
2465 315 
2466 294 
2467 249 
2468 210 
2469 261 
247 141 
2470 396 
2471 585 
2472 864 
2473 378 
2474 273 
2475 135 
2476 972 
2477 795 
2478 534 
2479 384 
248 1605 
2480 399 
2481 696 
2482 996 
2483 56 
2484 336 
2485 282 
2486 177 
2487 165 
2488 417 
2489 1374 
249 282 
2490 528 
2491 771 
2492 327 
2493 636 
2494 513 
2495 288 
2496 240 
2497 678 
2498 411 
2499 564 
25 261 
250 468 
2500 336 
2501 501 
2502 93 
2503 111 
2504 39 
2505 681 
2506 918 
2507 267 
2508 1203 
2509 378 
251 384 
2510 1032 
2511 210 
2512 120 
2513 930 
2514 147 
2515 360 
2516 210 
2517 72 
2518 1974 
2519 159 
252 1671 
2520 123 
2521 981 
2522 273 
2523 249 
2524 144 
2525 288 
2526 537 
2527 78 
2528 384 
2529 636 
253 207 
2530 522 
2531 450 
2532 330 
2533 399 
2534 152 
2535 1101 
2536 906 
2537 636 
2538 807 
2539 909 
254 267 
2540 264 
2541 558 
2542 759 
2543 324 
2544 219 
2545 243 
2546 174 
2547 180 
2548 756 
2549 414 
255 156 
2550 156 
2551 207 
2552 165 
2553 201 
2554 1161 
2555 375 
2556 1989 
2557 660 
2558 156 
2559 642 
256 264 
2560 657 
2561 483 
2562 849 
2563 447 
2564 396 
2565 93 
2566 921 
2567 116 
2568 189 
2569 186 
257 879 
2570 1944 
2571 348 
2572 363 
2573 996 
2574 81 
2575 864 
2576 84 
2577 171 
2578 375 
2579 888 
258 411 
2580 219 
2581 399 
2582 159 
2583 519 
2584 302 
2585 366 
2586 222 
2587 339 
2588 207 
2589 48 
259 942 
2590 225 
2591 315 
2592 315 
2593 417 
2594 138 
2595 60 
2596 951 
2597 107 
2598 480 
2599 432 
26 534 
260 588 
2600 447 
2601 978 
2602 462 
2603 927 
2604 468 
2605 348 
2606 348 
2607 867 
2608 933 
2609 291 
261 207 
2610 108 
2611 666 
2612 252 
2613 1707 
2614 402 
2615 555 
2616 255 
2617 447 
2618 168 
2619 225 
262 213 
2620 588 
2621 996 
2622 705 
2623 321 
2624 858 
2625 777 
2626 441 
2627 783 
2628 72 
2629 72 
263 525 
2630 303 
2631 258 
2632 783 
2633 369 
2634 459 
2635 114 
2636 543 
2637 414 
2638 699 
2639 1293 
264 513 
2640 1329 
2641 252 
2642 273 
2643 1065 
2644 120 
2645 588 
2646 339 
2647 384 
2648 432 
2649 318 
265 309 
2650 84 
2651 195 
2652 483 
2653 168 
2654 252 
2655 369 
2656 861 
2657 171 
2658 318 
2659 153 
266 162 
2660 87 
2661 3012 
2662 900 
2663 42 
2664 516 
2665 360 
2666 402 
2667 606 
2668 687 
2669 657 
267 135 
2670 276 
2671 678 
2672 108 
2673 1062 
2674 771 
2675 177 
2676 408 
2677 159 
2678 216 
2679 186 
268 2076 
2680 825 
2681 459 
2682 285 
2683 1587 
2684 576 
2685 747 
2686 819 
2687 333 
2688 507 
2689 426 
269 468 
2690 1893 
2691 504 
2692 957 
2693 324 
2694 837 
2695 177 
2696 90 
2697 192 
2698 363 
2699 429 
27 759 
270 837 
2700 708 
2701 633 
2702 471 
2703 117 
2704 222 
2705 75 
2706 2358 
2707 177 
2708 621 
2709 993 
271 795 
2710 387 
2711 201 
2712 471 
2713 225 
2714 1128 
2715 1137 
2716 66 
2717 855 
2718 546 
2719 765 
272 993 
2720 981 
2721 654 
2722 180 
2723 372 
2724 591 
2725 948 
2726 578 
2727 360 
2728 240 
2729 75 
273 204 
2730 825 
2731 168 
2732 477 
2733 87 
2734 273 
2735 324 
2736 129 
2737 279 
2738 600 
2739 567 
274 267 
2740 123 
2741 186 
2742 996 
2743 222 
2744 1848 
2745 267 
2746 249 
2747 201 
2748 1029 
2749 156 
275 234 
2750 531 
2751 567 
2752 633 
2753 627 
2754 93 
2755 69 
2756 975 
2757 228 
2758 105 
2759 585 
276 372 
2760 279 
2761 303 
2762 111 
2763 183 
2764 183 
2765 228 
2766 558 
2767 321 
2768 270 
2769 312 
277 222 
2770 252 
2771 255 
2772 222 
2773 273 
2774 237 
2775 303 
2776 762 
2777 120 
2778 1175 
2779 213 
278 978 
2780 444 
2781 351 
2782 366 
2783 207 
2784 204 
2785 387 
2786 48 
2787 138 
2788 2511 
2789 636 
279 930 
2790 1296 
2791 300 
2792 1527 
2793 636 
2794 816 
2795 521 
2796 297 
2797 264 
2798 414 
2799 996 
28 336 
280 606 
2800 204 
2801 324 
2802 837 
2803 528 
2804 1232 
2805 288 
2806 93 
2807 195 
2808 1806 
2809 543 
281 153 
2810 1748 
2811 399 
2812 315 
2813 1467 
2814 603 
2815 150 
2816 462 
2817 363 
2818 408 
2819 363 
282 192 
2820 522 
2821 540 
2822 486 
2823 140 
2824 393 
2825 231 
2826 207 
2827 1095 
2828 864 
2829 2427 
283 687 
2830 396 
2831 345 
2832 174 
2833 516 
2834 1221 
2835 330 
2836 579 
2837 528 
2838 192 
2839 333 
284 507 
2840 303 
2841 273 
2842 636 
2843 609 
2844 744 
2845 234 
2846 651 
2847 993 
2848 687 
2849 396 
285 93 
2850 657 
2851 156 
2852 501 
2853 390 
2854 1056 
2855 1536 
2856 999 
2857 363 
2858 444 
2859 1089 
286 1299 
2860 510 
2861 186 
2862 231 
2863 441 
2864 2190 
2865 960 
2866 396 
2867 225 
2868 1170 
2869 252 
287 72 
2870 924 
2871 126 
2872 96 
2873 255 
2874 570 
2875 54 
2876 813 
2877 252 
2878 78 
2879 240 
288 630 
2880 276 
2881 435 
2882 108 
2883 165 
2884 222 
2885 48 
2886 345 
2887 471 
2888 302 
2889 465 
289 69 
2890 294 
2891 378 
2892 441 
2893 183 
2894 1272 
2895 600 
2896 180 
2897 288 
2898 690 
2899 438 
29 858 
290 747 
2900 471 
2901 420 
2902 629 
2903 57 
2904 261 
2905 444 
2906 144 
2907 264 
2908 813 
2909 483 
291 945 
2910 597 
2911 468 
2912 876 
2913 261 
2914 210 
2915 264 
2916 51 
2917 582 
2918 195 
2919 483 
292 816 
2920 90 
2921 525 
2922 399 
2923 312 
2924 90 
2925 93 
2926 111 
2927 987 
2928 837 
2929 450 
293 201 
2930 342 
2931 195 
2932 390 
2933 468 
2934 1632 
2935 777 
2936 342 
2937 189 
2938 1851 
2939 246 
294 234 
2940 240 
2941 111 
2942 1740 
2943 309 
2944 486 
2945 216 
2946 186 
2947 417 
2948 522 
2949 402 
295 69 
2950 180 
2951 90 
2952 174 
2953 336 
2954 441 
2955 1023 
2956 282 
2957 495 
2958 288 
2959 393 
296 972 
2960 117 
2961 306 
2962 315 
2963 729 
2964 825 
2965 108 
2966 150 
2967 129 
2968 744 
2969 738 
297 90 
2970 1664 
2971 126 
2972 684 
2973 63 
2974 186 
2975 468 
2976 948 
2977 600 
2978 147 
2979 306 
298 375 
2980 54 
2981 756 
2982 135 
2983 75 
2984 798 
2985 176 
2986 285 
2987 636 
2988 402 
2989 84 
299 66 
2990 90 
2991 42 
2992 678 
2993 357 
2994 375 
2995 534 
2996 474 
2997 669 
2998 261 
2999 336 
3 102 
30 891 
300 864 
3000 156 
3001 792 
3002 93 
3003 93 
3004 111 
3005 363 
3006 468 
3007 549 
3008 594 
3009 864 
301 1302 
3010 684 
3011 177 
3012 279 
3013 795 
3014 684 
3015 225 
3016 378 
3017 231 
3018 438 
3019 225 
302 105 
3020 174 
3021 333 
3022 264 
3023 519 
3024 792 
3025 36 
3026 207 
3027 246 
3028 483 
3029 279 
303 906 
3030 1587 
3031 231 
3032 366 
3033 246 
3034 570 
3035 702 
3036 477 
3037 219 
3038 1233 
3039 531 
304 1401 
3040 495 
3041 105 
3042 51 
3043 909 
3044 174 
3045 270 
3046 783 
3047 321 
3048 882 
3049 1218 
305 183 
3050 984 
3051 297 
3052 378 
3053 195 
3054 243 
3055 894 
3056 378 
3057 1410 
3058 405 
3059 1293 
306 528 
3060 1263 
3061 111 
3062 222 
3063 501 
3064 861 
3065 309 
3066 363 
3067 765 
3068 867 
3069 255 
307 402 
3070 444 
3071 255 
3072 384 
3073 507 
3074 306 
3075 375 
3076 414 
3077 1149 
3078 288 
3079 555 
308 882 
3080 504 
3081 264 
3082 141 
3083 540 
3084 408 
3085 177 
3086 1443 
3087 588 
3088 351 
3089 792 
309 489 
3090 300 
3091 249 
3092 615 
3093 753 
3094 159 
3095 831 
3096 477 
3097 689 
3098 342 
3099 135 
31 342 
310 471 
3100 330 
3101 1038 
3102 405 
3103 948 
3104 1788 
3105 636 
3106 102 
3107 444 
3108 330 
3109 447 
311 678 
3110 699 
3111 168 
3112 51 
3113 204 
3114 258 
3115 153 
3116 849 
3117 165 
3118 324 
3119 141 
312 435 
313 51 
314 276 
315 66 
316 1164 
317 255 
318 456 
319 675 
32 633 
320 858 
321 840 
322 150 
323 300 
324 1443 
325 846 
326 393 
327 291 
328 561 
329 966 
33 246 
330 297 
331 369 
332 651 
333 588 
334 426 
335 827 
336 765 
337 507 
338 687 
339 234 
34 864 
340 156 
341 345 
342 249 
343 285 
344 471 
345 372 
346 174 
347 351 
348 375 
349 762 
35 228 
350 684 
351 441 
352 273 
353 1050 
354 1779 
355 870 
356 201 
357 264 
358 834 
359 417 
36 252 
360 255 
361 429 
362 186 
363 219 
364 501 
365 174 
366 378 
367 108 
368 966 
369 147 
37 756 
370 378 
371 276 
372 657 
373 564 
374 186 
375 336 
376 1599 
377 1866 
378 1227 
379 582 
38 465 
380 210 
381 207 
382 153 
383 324 
384 372 
385 90 
386 468 
387 147 
388 249 
389 51 
39 1209 
390 762 
391 120 
392 819 
393 285 
394 279 
395 435 
396 381 
397 69 
398 357 
399 231 
4 246 
40 243 
400 201 
401 726 
402 684 
403 303 
404 537 
405 729 
406 186 
407 330 
408 312 
409 279 
41 324 
410 57 
411 495 
412 318 
413 282 
414 477 
415 705 
416 33 
417 483 
418 1503 
419 972 
42 72 
420 1251 
421 162 
422 27 
423 186 
424 702 
425 390 
426 132 
427 1101 
428 900 
429 792 
43 144 
430 147 
431 321 
432 549 
433 108 
434 306 
435 210 
436 153 
437 570 
438 183 
439 1800 
44 219 
440 417 
441 570 
442 270 
443 246 
444 1323 
445 1275 
446 198 
447 240 
448 189 
449 348 
45 582 
450 165 
451 252 
452 177 
453 309 
454 372 
455 1631 
456 357 
457 192 
458 78 
459 258 
46 171 
460 198 
461 540 
462 216 
463 348 
464 426 
465 255 
466 486 
467 381 
468 549 
469 171 
47 75 
470 162 
471 438 
472 315 
473 204 
474 288 
475 42 
476 1314 
477 543 
478 453 
479 236 
48 1002 
480 687 
481 801 
482 1554 
483 459 
484 768 
485 372 
486 792 
487 96 
488 537 
489 345 
49 60 
490 771 
491 120 
492 129 
493 231 
494 195 
495 450 
496 93 
497 669 
498 1638 
499 795 
5 288 
50 546 
500 855 
501 333 
502 165 
503 333 
504 288 
505 90 
506 123 
507 78 
508 354 
509 165 
51 1173 
510 663 
511 909 
512 657 
513 42 
514 483 
515 300 
516 114 
517 195 
518 561 
519 399 
52 558 
520 75 
521 126 
522 93 
523 540 
524 762 
525 204 
526 660 
527 72 
528 510 
529 462 
53 147 
530 1026 
531 816 
532 45 
533 1194 
534 264 
535 549 
536 978 
537 453 
538 252 
539 306 
54 1596 
540 870 
541 228 
542 432 
543 474 
544 78 
545 279 
546 66 
547 687 
548 375 
549 261 
55 171 
550 243 
551 444 
552 381 
553 738 
554 1428 
555 108 
556 6978 
557 327 
558 102 
559 171 
56 903 
560 222 
561 1527 
562 147 
563 723 
564 108 
565 855 
566 834 
567 153 
568 126 
569 519 
57 342 
570 846 
571 90 
572 804 
573 561 
574 48 
575 171 
576 402 
577 513 
578 231 
579 321 
58 237 
580 156 
581 126 
582 66 
583 393 
584 741 
585 174 
586 228 
587 153 
588 531 
589 930 
59 489 
590 438 
591 546 
592 132 
593 192 
594 996 
595 711 
596 219 
597 947 
598 354 
599 243 
6 285 
60 81 
600 81 
601 165 
602 1497 
603 291 
604 1107 
605 993 
606 168 
607 678 
608 627 
609 354 
61 267 
610 141 
611 558 
612 54 
613 171 
614 96 
615 411 
616 117 
617 240 
618 483 
619 774 
62 372 
620 162 
621 474 
622 630 
623 288 
624 108 
625 735 
626 105 
627 291 
628 96 
629 561 
63 957 
630 330 
631 540 
632 366 
633 207 
634 456 
635 57 
636 1842 
637 351 
638 314 
639 210 
64 441 
640 435 
641 447 
642 48 
643 534 
644 690 
645 690 
646 1059 
647 159 
648 576 
649 831 
65 420 
650 261 
651 435 
652 132 
653 135 
654 225 
655 312 
656 579 
657 402 
658 45 
659 333 
66 363 
660 192 
661 1005 
662 387 
663 738 
664 291 
665 299 
666 417 
667 636 
668 336 
669 39 
67 138 
670 993 
671 300 
672 921 
673 189 
674 702 
675 495 
676 456 
677 123 
678 960 
679 186 
68 345 
680 138 
681 1074 
682 1065 
683 381 
684 444 
685 255 
686 174 
687 258 
688 423 
689 276 
69 417 
690 219 
691 483 
692 285 
693 309 
694 267 
695 117 
696 621 
697 270 
698 1434 
699 150 
7 573 
70 819 
700 489 
701 258 
702 54 
703 5684 
704 393 
705 18 
706 555 
707 735 
708 357 
709 354 
71 330 
710 1191 
711 48 
712 444 
713 948 
714 609 
715 165 
716 264 
717 213 
718 102 
719 228 
72 255 
720 144 
721 984 
722 726 
723 165 
724 342 
725 183 
726 834 
727 138 
728 740 
729 162 
73 105 
730 42 
731 303 
732 36 
733 135 
734 360 
735 1326 
736 66 
737 720 
738 243 
739 300 
74 258 
740 222 
741 108 
742 330 
743 75 
744 417 
745 1248 
746 378 
747 474 
748 201 
749 653 
75 1398 
750 195 
751 399 
752 273 
753 528 
754 258 
755 306 
756 1737 
757 69 
758 434 
759 876 
76 69 
760 315 
761 207 
762 768 
763 291 
764 294 
765 858 
766 117 
767 942 
768 150 
769 474 
77 1596 
770 426 
771 549 
772 831 
773 846 
774 582 
775 468 
776 1488 
777 102 
778 174 
779 291 
78 135 
780 213 
781 327 
782 87 
783 708 
784 798 
785 792 
786 318 
787 636 
788 102 
789 66 
79 162 
790 288 
791 375 
792 993 
793 138 
794 285 
795 177 
796 798 
797 120 
798 75 
799 477 
8 786 
80 186 
800 218 
801 216 
802 171 
803 276 
804 90 
805 219 
806 420 
807 402 
808 45 
809 282 
81 219 
810 516 
811 591 
812 153 
813 900 
814 213 
815 735 
816 711 
817 1404 
818 261 
819 120 
82 276 
820 399 
821 318 
822 567 
823 186 
824 957 
825 786 
826 788 
827 1308 
828 741 
829 429 
83 135 
830 114 
831 420 
832 597 
833 60 
834 129 
835 213 
836 504 
837 564 
838 660 
839 270 
84 258 
840 312 
841 444 
842 300 
843 96 
844 483 
845 522 
846 923 
847 192 
848 951 
849 303 
85 684 
850 381 
851 312 
852 678 
853 864 
854 999 
855 1065 
856 183 
857 918 
858 285 
859 57 
86 486 
860 1728 
861 336 
862 333 
863 129 
864 288 
865 444 
866 270 
867 318 
868 197 
869 183 
87 573 
870 339 
871 801 
872 297 
873 183 
874 782 
875 147 
876 618 
877 144 
878 255 
879 180 
88 501 
880 624 
881 696 
882 393 
883 216 
884 597 
885 660 
886 63 
887 162 
888 297 
889 657 
89 237 
890 276 
891 45 
892 729 
893 132 
894 153 
895 750 
896 597 
897 108 
898 354 
899 336 
9 474 
90 177 
900 294 
901 138 
902 1182 
903 90 
904 1203 
905 282 
906 1143 
907 237 
908 81 
909 651 
91 258 
910 1302 
911 405 
912 546 
913 273 
914 2220 
915 897 
916 612 
917 231 
918 423 
919 573 
92 393 
920 423 
921 231 
922 318 
923 267 
924 138 
925 150 
926 528 
927 1140 
928 255 
929 726 
93 234 
930 120 
931 981 
932 174 
933 546 
934 771 
935 1407 
936 648 
937 372 
938 396 
939 785 
94 264 
940 1008 
941 270 
942 114 
943 672 
944 324 
945 768 
946 789 
947 324 
948 222 
949 120 
95 486 
950 249 
951 1308 
952 114 
953 252 
954 1110 
955 183 
956 201 
957 417 
958 477 
959 441 
96 555 
960 183 
961 678 
962 54 
963 165 
964 618 
965 144 
966 147 
967 1062 
968 39 
969 861 
97 144 
970 81 
971 141 
972 135 
973 501 
974 102 
975 282 
976 201 
977 900 
978 270 
979 678 
98 861 
980 291 
981 342 
982 897 
983 726 
984 105 
985 102 
986 219 
987 174 
988 309 
989 303 
99 264 
990 1377 
991 978 
992 1788 
993 438 
994 114 
995 789 
996 954 
997 222 
998 963 
999 864 
